[[255 255 255]
 [255 255 255]
 [255 255 255]
 ...
 [255 255 255]
 [255 255 255]
 [255 255 255]]
[255 255 255]
(1654, 2339, 3)
(479, 1110)
479 1110 3.5055555555555555
[[[ 851 1147]]

 [[ 847 1151]]

 [[ 846 1151]]

 [[ 845 1152]]

 [[ 845 1156]]

 [[ 844 1157]]

 [[ 157 1157]]

 [[ 157 1472]]

 [[ 858 1472]]

 [[ 859 1473]]

 [[ 859 1476]]

 [[ 860 1477]]

 [[ 860 1478]]

 [[ 862 1480]]

 [[ 867 1480]]

 [[ 870 1477]]

 [[ 870 1474]]

 [[ 872 1472]]

 [[1645 1472]]

 [[1646 1473]]

 [[1646 1474]]

 [[1647 1475]]

 [[1647 1477]]

 [[1648 1478]]

 [[1648 1479]]

 [[1649 1479]]

 [[1650 1480]]

 [[1655 1480]]

 [[1657 1478]]

 [[1657 1476]]

 [[1658 1475]]

 [[1658 1473]]

 [[1659 1472]]

 [[2203 1472]]

 [[2204 1471]]

 [[2204 1157]]

 [[1675 1157]]

 [[1674 1156]]

 [[1674 1154]]

 [[1673 1153]]

 [[1673 1150]]

 [[1670 1147]]

 [[1638 1147]]

 [[1634 1151]]

 [[1633 1151]]

 [[1632 1152]]

 [[1632 1156]]

 [[1631 1157]]

 [[ 887 1157]]

 [[ 886 1156]]

 [[ 886 1152]]

 [[ 885 1151]]

 [[ 885 1150]]

 [[ 884 1149]]

 [[ 884 1148]]

 [[ 883 1148]]

 [[ 882 1147]]]
Contour Points: 1481
x: 862 y: 1480
x: 867 y: 1480
x: 1650 y: 1480
x: 1655 y: 1480
0 [862, 1480] [867, 1480]
2 [1650, 1480] [1655, 1480]
[[[0 0 0]
  [0 0 0]
  [0 0 0]
  ...
  [0 0 0]
  [0 0 0]
  [0 0 0]]

 [[0 0 0]
  [0 0 0]
  [0 0 0]
  ...
  [0 0 0]
  [0 0 0]
  [0 0 0]]

 [[0 0 0]
  [0 0 0]
  [0 0 0]
  ...
  [0 0 0]
  [0 0 0]
  [0 0 0]]

 ...

 [[0 0 0]
  [0 0 0]
  [0 0 0]
  ...
  [0 0 0]
  [0 0 0]
  [0 0 0]]

 [[0 0 0]
  [0 0 0]
  [0 0 0]
  ...
  [0 0 0]
  [0 0 0]
  [0 0 0]]

 [[0 0 0]
  [0 0 0]
  [0 0 0]
  ...
  [0 0 0]
  [0 0 0]
  [0 0 0]]]
[864, 1652]
